-2000 -2000 0 0 0 0
-2000 -2000 202.3346 5 0 0
-2000 -2000 404.6692 5 0 0
-2000 0 0 0 0 0
-2000 0 202.3346 5 0 0
-2000 0 404.6692 5 0 0
-2000 2000 0 0 0 0
-2000 2000 202.3346 5 0 0
-2000 2000 404.6692 5 0 0
0 -2000 202.3346 0 0 0
0 -2000 303.5019 10 0 0
0 -2000 404.6692 5 0 0
0 0 202.3346 0 0 0
0 0 303.5019 10 0 0
0 0 404.6692 5 0 0
0 2000 202.3346 0 0 0
0 2000 303.5019 10 0 0
0 2000 404.6692 5 0 0
2000 -2000 0 0 0 0
2000 -2000 202.3346 5 0 0
2000 -2000 404.6692 5 0 0
2000 0 0 0 0 0
2000 0 202.3346 5 0 0
2000 0 404.6692 5 0 0
2000 2000 0 0 0 0
2000 2000 202.3346 5 0 0
2000 2000 404.6692 5 0 0
